25078597
25132314
30631031
31189268
31266926
32072326
38906005
40898510
55452078
55557707
140802488
141269997
141610486
141627237
141807629
149422364
149503727
167004255
167203674
167794129
167888736
177077336
177238322
177282821
177306969
177310181
220414682
231091547
231097055
261258146
271723402
271972426
272128326
277018227
277108325
277301936
294399068
294626591
300138745
300510333
300739852
300809119
306779124
306894095
349156177
349271114
349275562
349483265
349574361
349829477
349902873
364588606
388131027
388182039
391925969
404852431
453099619
